offID sirID damID
40001 30257 30922
40002 30257 30922
40003 30257 30942
40004 30257 30942
40005 30257 30746
40006 30257 30746
40007 30257 30544
40008 30257 30544
40009 30257 30478
40010 30257 30478
40011 30257 30264
40012 30257 30930
40013 30257 30044
40014 30257 30800
40015 30257 30648
40016 30257 30648
40017 30257 30598
40018 30257 30598
40019 30257 30066
40020 30257 30066
40021 30445 30814
40022 30445 30814
40023 30445 30818
40024 30445 30892
40025 30445 30556
40026 30445 30556
40027 30445 30518
40028 30445 30518
40029 30445 30892
40030 30445 30926
40031 30445 30578
40032 30445 30074
40033 30445 30606
40034 30445 30606
40035 30445 30770
40036 30445 30770
40037 30445 30294
40038 30445 30294
40039 30445 30348
40040 30445 30348
40041 30407 30642
40042 30407 30642
40043 30407 30234
40044 30407 30516
40045 30407 30114
40046 30407 30114
40047 30407 30192
40048 30407 30192
40049 30407 30628
40050 30407 30628
40051 30407 30118
40052 30407 30156
40053 30407 30412
40054 30407 30730
40055 30407 30580
40056 30407 30580
40057 30407 30988
40058 30407 30988
40059 30407 30212
40060 30407 30212
40061 30117 30790
40062 30117 30538
40063 30117 30502
40064 30117 30502
40065 30117 30978
40066 30117 30810
40067 30117 30404
40068 30117 30404
40069 30117 30126
40070 30117 30126
40071 30117 30372
40072 30117 30372
40073 30117 30238
40074 30117 30238
40075 30117 30706
40076 30117 30706
40077 30117 30128
40078 30117 30128
40079 30117 30886
40080 30117 30886
40081 30907 30918
40082 30907 30596
40083 30907 30168
40084 30907 30168
40085 30907 30808
40086 30907 31000
40087 30907 30264
40088 30907 30264
40089 30907 30974
40090 30907 30974
40091 30907 30472
40092 30907 30472
40093 30907 30534
40094 30907 30534
40095 30907 30844
40096 30907 30844
40097 30907 30426
40098 30907 30160
40099 30907 30538
40100 30907 30538
40101 30525 30908
40102 30525 30908
40103 30525 30664
40104 30525 30664
40105 30525 30034
40106 30525 30034
40107 30525 30476
40108 30525 30476
40109 30525 30834
40110 30525 30834
40111 30525 30574
40112 30525 30574
40113 30525 30920
40114 30525 30920
40115 30525 30960
40116 30525 30960
40117 30525 30028
40118 30525 30028
40119 30525 30774
40120 30525 30588
40121 30807 30954
40122 30807 30954
40123 30807 30918
40124 30807 30918
40125 30807 30636
40126 30807 30636
40127 30807 30710
40128 30807 30080
40129 30807 30296
40130 30807 30296
40131 30807 30376
40132 30807 30376
40133 30807 30684
40134 30807 30684
40135 30807 30204
40136 30807 30204
40137 30807 30386
40138 30807 30386
40139 30807 30342
40140 30807 30342
40141 30269 30110
40142 30269 30110
40143 30269 30070
40144 30269 30090
40145 30269 30360
40146 30269 30360
40147 30269 30320
40148 30269 30534
40149 30269 30998
40150 30269 30998
40151 30269 30818
40152 30269 30938
40153 30269 30852
40154 30269 30852
40155 30269 30398
40156 30269 30398
40157 30269 30806
40158 30269 30806
40159 30269 30892
40160 30269 30892
40161 30245 30740
40162 30245 30130
40163 30245 30756
40164 30245 30756
40165 30245 30702
40166 30245 30702
40167 30245 30816
40168 30245 30982
40169 30245 30822
40170 30245 30822
40171 30245 30902
40172 30245 30108
40173 30245 30664
40174 30245 30100
40175 30245 30716
40176 30245 30716
40177 30245 30624
40178 30245 30502
40179 30245 30762
40180 30245 30762
40181 30601 30976
40182 30601 30976
40183 30601 30854
40184 30601 30854
40185 30601 30832
40186 30601 30832
40187 30601 30352
40188 30601 30230
40189 30601 30564
40190 30601 30564
40191 30601 30304
40192 30601 30304
40193 30601 30148
40194 30601 30148
40195 30601 30536
40196 30601 30536
40197 30601 30120
40198 30601 30120
40199 30601 30612
40200 30601 30612
40201 30387 30582
40202 30387 30582
40203 30387 30552
40204 30387 30860
40205 30387 30402
40206 30387 30256
40207 30387 30588
40208 30387 30378
40209 30387 30330
40210 30387 30330
40211 30387 30366
40212 30387 30366
40213 30387 30418
40214 30387 30040
40215 30387 30480
40216 30387 30480
40217 30387 30410
40218 30387 30410
40219 30387 30072
40220 30387 30072
40221 30125 30350
40222 30125 30350
40223 30125 30392
40224 30125 30024
40225 30125 30966
40226 30125 30966
40227 30125 30874
40228 30125 30104
40229 30125 30234
40230 30125 30234
40231 30125 30506
40232 30125 30506
40233 30125 30414
40234 30125 30414
40235 30125 30702
40236 30125 30638
40237 30125 30622
40238 30125 30174
40239 30125 30764
40240 30125 30072
40241 30329 30256
40242 30329 30256
40243 30329 30840
40244 30329 30840
40245 30329 30272
40246 30329 30272
40247 30329 30554
40248 30329 30554
40249 30329 30174
40250 30329 30174
40251 30329 30548
40252 30329 30548
40253 30329 30592
40254 30329 30592
40255 30329 30258
40256 30329 30258
40257 30329 30092
40258 30329 30092
40259 30329 30384
40260 30329 30384
40261 30875 30106
40262 30875 30106
40263 30875 30232
40264 30875 30232
40265 30875 30528
40266 30875 30528
40267 30875 30002
40268 30875 30002
40269 30875 30480
40270 30875 30416
40271 30875 30284
40272 30875 30184
40273 30875 30194
40274 30875 30194
40275 30875 30724
40276 30875 30724
40277 30875 30594
40278 30875 30594
40279 30875 30390
40280 30875 30390
40281 30275 30236
40282 30275 30236
40283 30275 30382
40284 30275 30382
40285 30275 30132
40286 30275 30132
40287 30275 30558
40288 30275 30558
40289 30275 30462
40290 30275 30462
40291 30275 30504
40292 30275 30504
40293 30275 30032
40294 30275 30032
40295 30275 30282
40296 30275 30688
40297 30275 30198
40298 30275 30198
40299 30275 30962
40300 30275 30962
40301 30545 30456
40302 30545 30356
40303 30545 30090
40304 30545 30090
40305 30545 30326
40306 30545 30326
40307 30545 30328
40308 30545 30328
40309 30545 30946
40310 30545 30562
40311 30545 30820
40312 30545 30820
40313 30545 30740
40314 30545 30740
40315 30545 30216
40316 30545 30216
40317 30545 30874
40318 30545 30270
40319 30545 30064
40320 30545 30064
40321 30327 30026
40322 30327 30026
40323 30327 30882
40324 30327 30808
40325 30327 30500
40326 30327 30500
40327 30327 30754
40328 30327 30754
40329 30327 30904
40330 30327 30904
40331 30327 30672
40332 30327 30672
40333 30327 30646
40334 30327 30646
40335 30327 30842
40336 30327 30842
40337 30327 30146
40338 30327 30146
40339 30327 31000
40340 30327 30456
40341 30661 30010
40342 30661 30010
40343 30661 30606
40344 30661 30788
40345 30661 30758
40346 30661 30758
40347 30661 30452
40348 30661 30452
40349 30661 30838
40350 30661 30400
40351 30661 30446
40352 30661 30446
40353 30661 30196
40354 30661 30692
40355 30661 30620
40356 30661 30620
40357 30661 30996
40358 30661 30996
40359 30661 30618
40360 30661 30618
40361 30891 30808
40362 30891 30808
40363 30891 30374
40364 30891 30374
40365 30891 30260
40366 30891 30072
40367 30891 30760
40368 30891 30760
40369 30891 30086
40370 30891 30086
40371 30891 30242
40372 30891 30242
40373 30891 30522
40374 30891 30522
40375 30891 30686
40376 30891 30686
40377 30891 30660
40378 30891 30660
40379 30891 30138
40380 30891 30120
40381 30197 30052
40382 30197 30052
40383 30197 30176
40384 30197 30176
40385 30197 30940
40386 30197 30940
40387 30197 30884
40388 30197 30884
40389 30197 30322
40390 30197 30322
40391 30197 30520
40392 30197 30520
40393 30197 30098
40394 30197 30098
40395 30197 30982
40396 30197 30982
40397 30197 30266
40398 30197 30266
40399 30197 30290
40400 30197 30290
40401 30685 30050
40402 30685 30050
40403 30685 30418
40404 30685 30418
40405 30685 30312
40406 30685 30626
40407 30685 30756
40408 30685 30122
40409 30685 30484
40410 30685 30484
40411 30685 30206
40412 30685 30206
40413 30685 30666
40414 30685 30178
40415 30685 30388
40416 30685 30388
40417 30685 30710
40418 30685 30834
40419 30685 30828
40420 30685 30828
40421 30683 30062
40422 30683 30062
40423 30683 30450
40424 30683 30450
40425 30683 30812
40426 30683 30812
40427 30683 30542
40428 30683 30542
40429 30683 30036
40430 30683 30036
40431 30683 30626
40432 30683 30626
40433 30683 30508
40434 30683 30508
40435 30683 30170
40436 30683 30796
40437 30683 30082
40438 30683 30946
40439 30683 30038
40440 30683 30038
40441 30781 30104
40442 30781 30104
40443 30781 30900
40444 30781 30774
40445 30781 30750
40446 30781 30750
40447 30781 30868
40448 30781 30868
40449 30781 30952
40450 30781 30952
40451 30781 30084
40452 30781 30084
40453 30781 30300
40454 30781 30300
40455 30781 30176
40456 30781 30456
40457 30781 30338
40458 30781 30338
40459 30781 30142
40460 30781 30142
40461 30953 30250
40462 30953 30250
40463 30953 30714
40464 30953 30714
40465 30953 30200
40466 30953 30200
40467 30953 30492
40468 30953 30492
40469 30953 30776
40470 30953 30776
40471 30953 30418
40472 30953 30228
40473 30953 30406
40474 30953 30406
40475 30953 30164
40476 30953 30164
40477 30953 30282
40478 30953 30282
40479 30953 30486
40480 30953 30486
40481 30657 30830
40482 30657 30830
40483 30657 30430
40484 30657 30430
40485 30657 30836
40486 30657 30836
40487 30657 30802
40488 30657 30802
40489 30657 30044
40490 30657 30044
40491 30657 30658
40492 30657 30658
40493 30657 30872
40494 30657 30872
40495 30657 30408
40496 30657 30408
40497 30657 30634
40498 30657 30634
40499 30657 30108
40500 30657 30108
40501 30039 30514
40502 30039 30794
40503 30039 30798
40504 30039 30798
40505 30039 30688
40506 30039 30974
40507 30039 30158
40508 30039 30158
40509 30039 30368
40510 30039 30368
40511 30039 30422
40512 30039 30422
40513 30039 30700
40514 30039 30700
40515 30039 30280
40516 30039 30280
40517 30039 30670
40518 30039 30670
40519 30039 30318
40520 30039 30318
40521 30677 30654
40522 30677 30654
40523 30677 30388
40524 30677 30912
40525 30677 30380
40526 30677 30380
40527 30677 30632
40528 30677 30632
40529 30677 30030
40530 30677 30030
40531 30677 30488
40532 30677 30488
40533 30677 30180
40534 30677 30180
40535 30677 30766
40536 30677 30076
40537 30677 30768
40538 30677 30768
40539 30677 30728
40540 30677 30728
40541 30127 30186
40542 30127 30186
40543 30127 30848
40544 30127 30848
40545 30127 30248
40546 30127 30634
40547 30127 30546
40548 30127 30546
40549 30127 30394
40550 30127 30394
40551 30127 30910
40552 30127 30910
40553 30127 30156
40554 30127 30674
40555 30127 30144
40556 30127 30144
40557 30127 30310
40558 30127 30310
40559 30127 30458
40560 30127 30458
40561 30495 30782
40562 30495 30782
40563 30495 30858
40564 30495 30858
40565 30495 30736
40566 30495 30736
40567 30495 30526
40568 30495 30526
40569 30495 30890
40570 30495 30890
40571 30495 30856
40572 30495 30856
40573 30495 30576
40574 30495 30576
40575 30495 30344
40576 30495 30344
40577 30495 30336
40578 30495 30336
40579 30495 30992
40580 30495 30992
40581 30227 30008
40582 30227 30008
40583 30227 30876
40584 30227 30876
40585 30227 30584
40586 30227 30394
40587 30227 30934
40588 30227 30934
40589 30227 30898
40590 30227 30898
40591 30227 30674
40592 30227 30674
40593 30227 30662
40594 30227 30662
40595 30227 30364
40596 30227 30364
40597 30227 30708
40598 30227 30708
40599 30227 30416
40600 30227 30416
40601 30205 30468
40602 30205 30468
40603 30205 30354
40604 30205 30354
40605 30205 30474
40606 30205 30846
40607 30205 30100
40608 30205 30794
40609 30205 30780
40610 30205 30780
40611 30205 30944
40612 30205 30944
40613 30205 30220
40614 30205 30220
40615 30205 30560
40616 30205 30560
40617 30205 30018
40618 30205 30018
40619 30205 30268
40620 30205 30268
40621 30803 30370
40622 30803 30370
40623 30803 30894
40624 30803 30894
40625 30803 30968
40626 30803 30216
40627 30803 30006
40628 30803 30006
40629 30803 30544
40630 30803 30308
40631 30803 30136
40632 30803 30136
40633 30803 30512
40634 30803 30512
40635 30803 30860
40636 30803 30860
40637 30803 30432
40638 30803 30432
40639 30803 30218
40640 30803 30218
40641 30373 30466
40642 30373 30944
40643 30373 30772
40644 30373 30772
40645 30373 30532
40646 30373 30882
40647 30373 30610
40648 30373 30814
40649 30373 30964
40650 30373 30964
40651 30373 30732
40652 30373 30732
40653 30373 30288
40654 30373 30288
40655 30373 30690
40656 30373 30690
40657 30373 30140
40658 30373 30140
40659 30373 30286
40660 30373 30286
40661 30315 30604
40662 30315 30604
40663 30315 30904
40664 30315 30426
40665 30315 30188
40666 30315 30912
40667 30315 30042
40668 30315 30042
40669 30315 30428
40670 30315 30428
40671 30315 30134
40672 30315 30134
40673 30315 30378
40674 30315 30378
40675 30315 30202
40676 30315 30202
40677 30315 30336
40678 30315 30864
40679 30315 30590
40680 30315 30590
40681 30837 30916
40682 30837 30916
40683 30837 30306
40684 30837 30306
40685 30837 30640
40686 30837 30640
40687 30837 30244
40688 30837 30244
40689 30837 30784
40690 30837 30784
40691 30837 30950
40692 30837 30950
40693 30837 30012
40694 30837 30012
40695 30837 30550
40696 30837 30550
40697 30837 30024
40698 30837 30024
40699 30837 30914
40700 30837 30914
40701 30181 30444
40702 30181 30444
40703 30181 30172
40704 30181 30172
40705 30181 30870
40706 30181 30870
40707 30181 30316
40708 30181 30316
40709 30181 30988
40710 30181 30696
40711 30181 30482
40712 30181 30482
40713 30181 30054
40714 30181 30054
40715 30181 30778
40716 30181 30778
40717 30181 30094
40718 30181 30094
40719 30181 30340
40720 30181 30340
40721 30709 30224
40722 30709 30224
40723 30709 30252
40724 30709 30252
40725 30709 30170
40726 30709 30170
40727 30709 30666
40728 30709 30666
40729 30709 30984
40730 30709 30984
40731 30709 30464
40732 30709 30464
40733 30709 30678
40734 30709 30678
40735 30709 30958
40736 30709 30958
40737 30709 30742
40738 30709 30742
40739 30709 30744
40740 30709 30744
40741 30961 30668
40742 30961 30668
40743 30961 30772
40744 30961 30448
40745 30961 30748
40746 30961 30748
40747 30961 30102
40748 30961 30102
40749 30961 30946
40750 30961 30946
40751 30961 30682
40752 30961 30682
40753 30961 30540
40754 30961 30540
40755 30961 30932
40756 30961 30932
40757 30961 30020
40758 30961 30020
40759 30961 30586
40760 30961 30586
40761 30277 30190
40762 30277 30190
40763 30277 30602
40764 30277 30602
40765 30277 30150
40766 30277 30150
40767 30277 30888
40768 30277 30888
40769 30277 30412
40770 30277 30412
40771 30277 30074
40772 30277 30074
40773 30277 30438
40774 30277 30438
40775 30277 30440
40776 30277 30440
40777 30277 30758
40778 30277 30248
40779 30277 30334
40780 30277 30284
40781 30945 30738
40782 30945 30738
40783 30945 30570
40784 30945 30570
40785 30945 30694
40786 30945 30694
40787 30945 30530
40788 30945 30294
40789 30945 30826
40790 30945 30826
40791 30945 30434
40792 30945 30806
40793 30945 30542
40794 30945 30644
40795 30945 30454
40796 30945 30454
40797 30945 30278
40798 30945 30278
40799 30945 30792
40800 30945 30792
40801 30747 30246
40802 30747 30246
40803 30747 30970
40804 30747 30970
40805 30747 30274
40806 30747 30274
40807 30747 30952
40808 30747 30968
40809 30747 30298
40810 30747 30298
40811 30747 30154
40812 30747 30154
40813 30747 30254
40814 30747 30254
40815 30747 30616
40816 30747 30616
40817 30747 30722
40818 30747 30722
40819 30747 30766
40820 30747 30766
40821 30397 30896
40822 30397 30896
40823 30397 30208
40824 30397 30208
40825 30397 30358
40826 30397 30358
40827 30397 30878
40828 30397 30878
40829 30397 30058
40830 30397 30058
40831 30397 30924
40832 30397 30924
40833 30397 30226
40834 30397 30226
40835 30397 30650
40836 30397 30650
40837 30397 30124
40838 30397 30124
40839 30397 30470
40840 30397 30470
40841 30005 30182
40842 30005 30182
40843 30005 30568
40844 30005 30998
40845 30005 30116
40846 30005 30116
40847 30005 30060
40848 30005 30060
40849 30005 30838
40850 30005 30838
40851 30005 30184
40852 30005 30184
40853 30005 30522
40854 30005 30170
40855 30005 30324
40856 30005 30660
40857 30005 30866
40858 30005 30866
40859 30005 30004
40860 30005 30004
40861 30375 30152
40862 30375 30152
40863 30375 30276
40864 30375 30276
40865 30375 30572
40866 30375 30572
40867 30375 30810
40868 30375 30810
40869 30375 30786
40870 30375 30786
40871 30375 30460
40872 30375 30460
40873 30375 30022
40874 30375 30022
40875 30375 30698
40876 30375 30698
40877 30375 30718
40878 30375 30718
40879 30375 30936
40880 30375 30936
40881 30203 30112
40882 30203 30112
40883 30203 30474
40884 30203 30474
40885 30203 30656
40886 30203 30656
40887 30203 30880
40888 30203 30880
40889 30203 30704
40890 30203 30704
40891 30203 30926
40892 30203 30926
40893 30203 30332
40894 30203 30332
40895 30203 30346
40896 30203 30346
40897 30203 30014
40898 30203 30014
40899 30203 30496
40900 30203 30690
40901 30655 30600
40902 30655 30600
40903 30655 30774
40904 30655 30774
40905 30655 30314
40906 30655 30314
40907 30655 30498
40908 30655 30790
40909 30655 30048
40910 30655 30048
40911 30655 30566
40912 30655 30566
40913 30655 30162
40914 30655 30162
40915 30655 30608
40916 30655 30778
40917 30655 30068
40918 30655 30068
40919 30655 30262
40920 30655 30262
40921 30767 30490
40922 30767 30490
40923 30767 30292
40924 30767 30292
40925 30767 30096
40926 30767 30096
40927 30767 30494
40928 30767 30494
40929 30767 30956
40930 30767 30956
40931 30767 30362
40932 30767 30362
40933 30767 30396
40934 30767 30396
40935 30767 30196
40936 30767 30196
40937 30767 30016
40938 30767 30016
40939 30767 30794
40940 30767 30794
40941 30293 30166
40942 30293 30166
40943 30293 30606
40944 30293 30734
40945 30293 30046
40946 30293 30046
40947 30293 30054
40948 30293 30210
40949 30293 30850
40950 30293 30850
40951 30293 30078
40952 30293 30078
40953 30293 30652
40954 30293 30652
40955 30293 30630
40956 30293 30630
40957 30293 30906
40958 30293 30906
40959 30293 30676
40960 30293 30676
40961 30701 30680
40962 30701 30680
40963 30701 30726
40964 30701 30726
40965 30701 30712
40966 30701 30712
40967 30701 30524
40968 30701 30524
40969 30701 30420
40970 30701 30420
40971 30701 30410
40972 30701 30972
40973 30701 30302
40974 30701 30302
40975 30701 30240
40976 30701 30240
40977 30701 30990
40978 30701 30990
40979 30701 30230
40980 30701 30230
40981 30281 30222
40982 30281 30938
40983 30281 30752
40984 30281 30752
40985 30281 30862
40986 30281 30862
40987 30281 30614
40988 30281 30614
40989 30281 30804
40990 30281 30804
40991 30281 30214
40992 30281 30214
40993 30281 30136
40994 30281 30994
40995 30281 30824
40996 30281 30824
40997 30281 30720
40998 30281 30720
40999 30281 30948
41000 30281 30948
